1334
a 157 1 2 4 14 15 16 19 20 21 25 26 30 31 32 34 36 37 38 40 42 43 46 48 49 55 67 70 72 77 78 79 80 86 93 98 99 100 101 102 104 105 107 112 119 121 122 124 125 127 130 131 134 135 139 140 142 143 145 152 155 156 164 165 167 168 170 171 172 173 177 183 184 185 186 189 195 197 198 201 202 203 204 206 207 211 213 216 217 221 222 223 225 226 228 235 236 237 243 245 246 256 258 264 265 266 267 275 282 286 289 291 292 294 298 301 309 310 312 313 319 320 321 323 325 331 335 336 337 340 342 347 353 356 358 359 361 363 364 367 368 369 370 372 374 375 376 377 379 380 384 389 390 394 397 402 405 406
able 9 157 202 275 279 280 281 308 334 338
about 6 17 43 167 183 257 401
abroad 1 29
accept 1 299
accidentally 1 336
account 1 283
accustomed 1 3
across 4 125 153 173 233
acted 1 259
actress 1 96
address 1 125
admitted 1 288
aeroplane 1 165
aeroplanes 2 115 187
africa 1 48
after 13 104 145 198 205 258 265 272 288 318 343 372 385 391
afternoon 3 142 183 203
afternoons 1 174
afterwards 1 232
again 2 127 318
against 1 6
age 2 1 124
ago 7 71 79 137 217 221 223 320
agrement 1 401
ahead 1 207
air 1 10
aircraft 1 281
airfield 1 50
airport 4 47 116 117 282
alice 1 26
all 11 47 87 144 148 151 180 210 212 252 321 393
allowed 1 76
almost 4 257 357 364 388
along 1 225
also 3 246 297 335
although 1 315
always 9 11 46 80 95 103 156 195 300 319
am 2 120 122
american 1 272
among 2 10 243
amused 1 220
an 13 24 26 66 96 116 143 159 164 198 245 365 375 379
ancient 1 154
and 110 13 20 25 26 30 34 38 39 41 42 46 47 51 53 55 57 59 65 74 80 81 89 101 102 105 111 112 116 123 125 139 144 145 147 148 149 151 152 153 161 164 170 175 176 177 182 185 186 189 190 191 198 199 203 204 215 223 225 227 230 231 232 235 236 245 246 247 252 255 256 257 261 266 268 269 271 275 279 289 295 301 303 304 310 313 317 322 324 325 327 330 340 342 343 345 347 350 354 356 358 360 368 373 376 380 383 384 390 393 401
angeles 1 2
angrily 1 383
annoying 1 349
another 3 30 102 170
answer 2 300 305
answered 1 109
answers 1 103
anxiously 2 239 251
any 9 18 85 158 180 215 241 334 375 406
anyone 2 103 394
anything 2 307 365
anywhere 1 167
appear 2 3 101
appears 1 98
are 20 5 10 76 86 87 115 123 135 193 252 333 366 390 391 392 395 403 406 407 408
area 1 247
armed 1 361
around 1 317
arrested 3 200 232 288
arrived 2 50 282
arriving 2 88 209
articles 1 197
as 20 93 98 106 143 175 183 184 193 198 229 239 245 251 259 264 266 324 387 391 394
ask 1 300
asked 12 38 83 103 108 161 214 303 304 327 380 385 388
asks 1 46
assistant 6 198 381 383 385 386 388
astonished 1 285
at 44 1 2 37 46 47 52 57 62 65 78 79 81 87 89 90 97 104 156 180 185 188 209 214 216 227 234 264 265 275 276 278 282 285 287 308 317 331 345 348 352 376 379 382 402
ate 1 41
atholding 1 2
atlantic 1 172
aunt 1 96
australia 3 22 25 26
australian 1 26
away 12 42 119 122 180 217 229 230 280 287 299 333 397
babies 1 3
back 6 80 112 182 229 351 355
bad 1 319
badly 1 231
bag 5 104 110 112 226 228
bags 1 330
ball 3 177 179 182
bank 5 79 175 176 178 182
bar 1 294
bars 1 330
basket 1 268
baskets 2 265 266
bates 1 350
battered 1 230
be 27 1 3 88 89 90 91 94 97 100 103 116 117 121 123 141 220 239 242 243 244 245 246 247 251 280 391 397
bear 1 260
beautiful 1 135
became 2 223 310
because 8 157 172 208 220 252 293 294 311
become 3 2 9 189
bed 7 296 309 310 311 313 314 315
been 19 23 29 119 122 157 163 212 216 250 252 289 295 306 319 332 349 358 394 395
beer 4 38 41 46 322
before 17 2 3 10 29 136 194 202 252 253 259 288 296 297 368 388 395 406
began 12 65 146 149 257 267 268 269 282 320 332 368 372
beggar 2 37 39
begin 1 399
begun 3 35 136 164
being 3 77 218 287
believe 1 402
believes 1 154
bell 1 324
belong 1 70
below 2 275 313
ben 1 164
benz 1 370
beside 1 105
between 2 271 350
bicycle 4 192 216 217 220
bicycles 1 185
big 5 19 25 58 64 331
bill 1 109
bird 2 33 340
birds 1 303
birmingham 1 168
bits 1 317
bitterly 1 257
black 1 101
blew 1 312
block 1 170
blocked 1 295
blue 1 379
boat 5 177 178 203 204 237
body 1 251
book 1 15
borrowed 1 82
borrows 1 80
bortowed 1 85
both 2 128 232
bottle 2 125 126
bottles 1 297
bought 11 20 26 30 31 71 155 164 186 197 256 292
box 4 284 286 288 289
boxes 2 282 283
boy 2 184 221
boys 5 86 91 142 147 149
breakfast 1 343
breath 1 8
breathunder 1 2
bridge 1 36
bright 2 101 102
bring 1 388
broke 1 373
broken 3 74 333 334
brother 3 21 29 304
building 3 50 245 246
buildings 2 250 251
built 2 117 371
buried 2 358 361
bury 1 360
bus 3 227 229 230
buses 2 405 406
business 1 184
businessman 1 171
busmen 2 398 401
busy 2 306 347
bus-driver 1 223
but 32 7 16 18 20 31 59 79 80 109 117 122 127 130 146 155 158 163 172 178 180 184 215 241 302 307 312 319 334 365 378 406 409
butter 2 322 347
buttons 1 45
butvery 1 339
buy 1 309
buying 1 388
by 20 71 72 77 89 119 121 145 174 189 215 216 218 248 249 250 279 292 295 333 390
byrd 4 274 275 278 280
california 1 331
call 1 214
called 6 67 165 178 182 247 358
calls 1 46
came 7 78 81 106 118 191 196 357
camp 1 145
can 8 2 3 8 85 116 166 167 397
cannot 2 10 31
capital 1 247
captain 5 164 168 169 171 172
car 13 26 156 157 170 225 229 230 231 232 370 371 375 378
card 1 20
cards 3 17 18 20
carefully 1 334
carelessly 1 333
carried 4 32 51 311 317
carry 1 166
carrying 1 226
cars 6 367 368 369 373 374 403
catford 1 225
caught 1 203
cause 1 336
caused 1 333
cave 5 359 360 361 362 365
centre 1 26
certain 1 276
certainly 1 130
chair 1 105
chairs 1 295
champions 1 9
channel 3 125 233 243
charmer 1 269
cheerful 1 390
cheese 1 42
children 9 2 6 8 176 177 180 182 343 345
childrencan 1 1
chocolate 2 322 330
chose 1 198
cigarette 2 333 335
city 2 155 247
clavichord 2 67 69
cleared 1 279
cliff 1 209
cliffs 1 208
climbed 1 386
clock 4 55 57 61 64
clothing 1 282
club 1 90
coast 3 203 234 242
coat 1 384
coin 1 364
coins 1 266
cold 1 257
collect 1 360
collected 1 303
collection 1 303
come 2 133 298
comes 1 134
comfortable 1 148
coming 3 8 89 294
company 1 184
compete 1 6
complain 1 257
completed 3 137 248 374
conditions 1 401
confident 1 366
confined 1 289
considered 1 394
contained 2 282 330
contents 1 329
continually 1 257
continue 1 401
continued 1 270
cooked 1 143
cost 2 130 290
cotton-wool 2 302 308
could 9 117 138 260 271 277 283 294 307 349
country 7 87 135 244 245 252 255 261
course 1 373
courtyard 1 313
cover 1 8
covered 4 33 206 266 347
crash 1 276
crashing 1 313
crept 1 147
crowd 1 55
crowds 1 397
customs 1 51
cuts 1 173
damaged 2 72 231
dance 2 270 393
dangerous 1 172
darwin 1 27
daughter 3 124 200 238
day 9 17 19 20 55 116 185 211 383 390
days 3 91 217 407
dead 6 355 389 390 392 394 396
deal 2 368 377
dear 1 103
decided 5 129 319 346 383 398
decision 1 19
deep 1 363
delhi 1 264
dentist 2 301 308
dentists 1 300
deserted 1 170
designed 1 250
desk 2 325 327
detect 1 358
detective 3 195 196 200
detectives 3 47 50 52
determined 1 122
diamond 1 48
diamonds 1 49
did 14 16 18 20 58 107 172 178 287 314 335 342 365 381 387
diet 3 319 320 328
difference 1 271
different 2 25 378
difficult 2 93 408
difficulty 2 281 386
dinner 2 78 85
discovered 2 287 336
dismayed 1 350
distance 3 33 206 239
district 1 141
do 1 3
doctor 1 168
does 1 114
dog 1 113
doing 1 327
done 1 143
door 4 37 52 105 191
doors 1 295
door-bell 1 355
door-knobs 1 354
down 5 121 255 261 342 373
downhill 1 376
drag 1 7
drank 1 41
dream 1 262
dreamed 2 124 255
dreams 1 357
dress 8 101 102 201 380 382 385 386 388
dressed 2 381 384
dresses 1 198
drift 1 396
drifting 1 397
drink 2 241 298
drive 4 222 405 406 410
driven 1 119
driver 1 376
drivers 2 373 406
driving 2 115 225
dropped 2 228 340
drove 2 227 229
drunk 1 297
due 1 399
dug 1 363
during 4 92 117 187 206
e 2 130 273
each 3 6 128 392
eager 1 386
earlier 1 49
early 5 20 190 207 344 394
easier 1 196
easy 1 231
eat 2 241 394
eating 1 83
effect 1 158
eggs 1 303
eight 1 206
either 1 305
electric 1 337
embarrassed 1 326
employed 1 189
empty 2 297 365
encourage 1 10
end 7 6 189 248 249 260 335 376
ended 1 262
endless 1 281
ends 1 333
engineer 1 24
england 5 133 239 254 255 259
english 2 233 242
enjoyed 1 388
enough 1 355
enter 1 3
entered 1 368
entrance 1 362
erna 3 233 235 240
erna's 2 237 242
erna't 1 243
especially 1 194
even 8 2 8 157 167 257 287 299 408
evening 3 54 90 204
ever 6 9 103 155 160 194 324
every 4 17 46 240 251
everybody 3 44 65 123
everyone 1 377
everything 2 263 388
exactly 1 348
examined 1 334
examining 1 362
except 2 263 365
excited 2 252 363
excitement 1 368
exciting 3 29 224 378
expcriences 1 183
expected 2 220 391
expecting 1 48
expensive 2 198 379
experiments 1 1
expert 2 2 406
explain 1 202
explained 1 328
explanation 1 339
explorer 1 272
explosions 1 372
expressed 1 409
extent 1 404
extremely 1 283
faces 1 160
fact 1 283
factory 1 189
fail 1 360
fairly 1 366
family 1 70
far 2 224 409
fast 1 410
faster 2 130 375
fat 2 319 324
father 2 75 237
father's 1 77
fawcett 4 164 169 171 172
fawcett's 1 168
feel 1 236
feet 4 5 277 279 363
fell 1 179
felt 2 147 307
festival 3 389 390 395
few 7 14 16 49 112 120 197 374
fewer 1 196
field 4 142 152 153 167
fifteen 2 57 221
finally 3 364 380 388
find 6 332 334 361 365 392 408
finding 3 29 224 357
finds 1 156
fine 4 174 245 250 256
fingers 2 350 354
finished 1 249
fire 8 143 145 147 331 332 333 335 342
fireman 1 336
firemen 2 331 334
firm 1 25
first 10 32 168 197 267 274 275 310 312 321 388
five 10 10 31 57 91 92 137 217 234 297 330
flats 1 170
flew 2 168 274
flight 1 272
floor 4 3 5 309 318
flour 1 347
flowed 1 153
flown 1 169
fly 3 28 172 281
follow 1 268
following 1 384
food 6 41 144 241 278 391 394
foods 1 321
for 49 8 10 23 25 31 34 38 39 46 70 85 91 104 106 117 186 187 196 198 238 242 253 257 262 274 280 283 289 290 292 298 300 301 309 310 312 346 356 367 368 380 385 388 389 390 391 394 397 402
forbidden 1 321
forest 2 331 333
formed 1 152
forty 1 375
forward 1 252
found 9 152 200 211 216 220 285 295 297 364
four 2 217 244
fourteen 1 185
frank 4 183 184 187 190
free 3 201 298 403
french 1 234
friend 3 77 253 319
friendly 1 14
friends 3 18 80 242
fright 1 228
from 24 3 21 28 31 32 34 48 80 82 85 119 124 127 131 168 171 203 213 234 282 294 308 340 378
full 4 53 150 226 302
fur 1 384
furniture 1 295
future 1 9
game 1 4
games 4 176 244 247 252
garage 4 30 31 34 157
garden 2 113 139
gardens 1 13
gasping 1 10
gate 3 156 158 159
gathered 1 55
gave 5 40 84 112 201 377
general 1 401
germany 1 68
get 7 31 134 157 229 277 386 408
gets 1 80
ghost 2 297 369
girl 9 98 100 124 127 201 202 204 209 243
girls 1 128
give 1 92
gives 1 299
glancing 2 317 382
glass 4 38 46 333 334
glimpse 1 267
go 5 122 251 294 319 398
going 6 233 234 293 403 407 408
gold 5 358 359 360 362 364
gone 1 26
good 3 80 107 144
goods 1 286
gorgon 1 161
got 6 20 110 228 258 319 355
government 1 245
grandfather 1 71
gratitude 1 409
great 8 25 34 245 275 368 372 377 386
greater 1 194
greenwood 2 86 91
ground 6 314 334 340 342 358 362
group 1 86
growing 1 303
grown 1 103
guard 1 52
guiding 1 396
guiltily 1 327
gunter 1 250
gust 1 313
had 45 49 55 102 104 105 113 131 136 152 155 158 180 181 188 189 202 209 216 253 255 256 259 261 262 263 264 267 289 295 296 297 301 306 308 310 314 318 328 340 355 370 376 388 394 395
hall 2 54 55
hand 2 58 384
handbag 1 384
handed 1 198
hands 1 347
handsome 1 369
happened 3 59 181 202
hard 4 74 177 179 190
hardly 1 261
harrison 3 253 258 263
harry 4 78 79 81 85
hart 2 233 238
has 25 23 26 29 30 31 34 35 61 70 82 139 155 156 157 158 159 163 164 169 171 212 238 319 358 409
hasalready 1 25
haunted 1 293
have 31 1 21 36 66 85 93 99 107 119 122 129 158 160 241 248 249 250 252 264 265 297 298 299 331 332 349 398 401 405 406 410
haven't 1 110
having 1 78
hawkins 1 183
he 92 15 22 23 25 26 27 28 29 30 31 35 38 41 42 46 79 80 82 83 84 108 112 113 114 155 156 157 159 161 170 178 179 181 182 184 185 186 188 190 191 213 214 215 216 219 220 223 224 225 228 239 254 255 256 257 259 260 261 262 266 267 280 285 287 288 289 294 295 296 297 299 303 304 308 310 311 312 316 318 319 320 321 325 326 327 328 329 337 338 356 382 386
head 4 39 159 184 298
hear 1 178
heard 3 116 219 294
heavily 1 152
heavy 2 278 283
held 5 244 247 252 367 389
help 1 392
helpers 1 188
her 17 103 124 125 133 138 196 198 200 201 202 237 239 242 351 381 382 386
herbert 3 319 322 324
here 2 88 122
herself 3 211 243 388
hesitated 1 380
hid 1 325
hide 1 359
hiding 1 288
high 1 208
him 15 40 43 44 83 161 172 179 192 217 265 299 308 317 323 327
himself 1 328
his 30 31 35 39 42 45 80 156 157 158 183 185 186 190 191 216 218 224 229 230 238 272 275 278 298 310 311 317 320 325 328
hole 2 306 363
holidays 2 11 18
holland 2 124 127
home 4 156 173 218 344
homes 2 119 390
honest 1 193
hopes 2 162 235
hoping 1 361
hospital 1 211
hot 1 311
hotels 1 245
hour 1 375
hours 4 49 185 240 289
house 17 36 46 51 121 135 137 139 140 141 155 256 261 292 311 317 345 392
how 4 103 304 332 400
however 7 118 129 167 223 270 336 374
hundred 3 119 189 217
hung 3 352 392 395
hungry 2 144 391
hurried 1 151
hurriedly 1 325
husband 1 345
i 48 12 13 16 17 18 19 20 21 36 40 62 78 83 85 104 105 106 109 110 116 120 121 122 123 131 138 160 161 174 175 180 298 302 303 304 305 307 308 323 324 327 343 344 346 347 350 352 355
ian 1 292
ican't 1 109
if 5 103 134 259 277 299
ihos 1 2
immediately 4 84 111 257 342
immense 1 245
impossible 1 300
in 90 1 13 20 22 25 26 30 33 35 36 39 42 46 56 68 69 78 79 89 98 99 101 102 106 112 124 127 132 133 135 138 141 142 149 152 154 155 168 170 172 178 180 184 186 191 194 196 198 203 205 211 214 217 229 234 237 244 252 253 255 259 260 272 280 286 288 296 298 304 305 309 310 331 338 347 358 359 360 366 371 373 379 380 384 388 389 394 395 407 409
included 1 322
indian 1 271
inn 2 104 299
inn-keeper 2 106 111
inside 1 50
instructed 1 1
instrument 2 66 71
intends 1 240
into 19 51 113 118 125 126 147 157 179 195 204 229 275 313 317 325 361 386 394 395
invented 1 358
is 46 3 4 16 22 24 25 29 31 45 67 69 77 79 95 96 103 139 140 154 160 165 167 173 184 194 215 218 224 233 234 235 236 291 292 293 300 359 367 389 390 391 394 395 397 399 401
island 1 172
it 72 3 51 55 56 63 67 68 70 72 73 76 77 80 95 103 105 106 112 113 117 118 125 127 136 140 141 146 152 160 161 167 175 177 185 196 198 218 221 223 229 257 260 268 271 276 277 279 284 293 299 300 313 317 318 326 330 340 342 344 351 356 358 359 360 368 371 376 378 387 394 400 408
italian 1 14
italy 1 12
its 4 153 375 376 409
itself 1 341
it's 1 60
i'm 1 113
james 1 30
jane 2 124 125
japan 1 389
jasper 3 154 158 162
jazz 3 73 269 271
jeans 1 379
jennifer 2 96 99
job 2 185 304
journey 2 391 396
jumped 1 204
just 10 21 26 30 31 36 155 171 247 301 368
keep 1 94
keeping 1 52
kept 1 69
keys 1 74
kicked 1 177
kitchen 1 355
knew 3 208 280 303
knocked 2 37 121
knows 2 44 400
kurt 1 250
laid 2 391 394
land 1 167
landed 1 170
lanterns 4 392 395 396 397
large 10 55 122 139 184 189 194 195 265 325 330
last 14 12 19 55 102 118 125 175 213 308 331 352 368 400 402
lasts 1 405
late 2 47 142
later 5 43 127 146 211 351
laugh 1 65
laughed 1 181
lawyer's 1 79
lay 2 275 317
leader 1 362
leapt 1 151
least 2 97 402
led 1 325
left 5 105 120 136 261 288
lend 1 83
length 1 8
lent 1 15
less 1 378
letter 9 21 124 127 131 133 138 213 214 356
letters 2 130 409
life 1 310
light 3 207 208 209
lights 1 296
like 3 174 381 387
liked 1 304
line 1 337
lined 1 5
lines 1 16
list 2 321 322
litt 1 130
little 1 198
live 2 116 256
lived 2 253 259
lives 1 132
living 3 135 390 394
living-room 1 69
lo 1 235
local 1 213
london 3 282 288 304
lonely 2 168 172
long 13 3 70 101 190 239 264 266 289 321 384 391 393 400
look 2 180 265
looked 2 62 104
looking 2 106 252
looks 1 140
lost 1 357
lot 2 368 376
loud 2 355 372
lovely 1 139
loves 1 322
lunch 1 104
lying 1 286
machine 4 358 359 361 362
mad 2 115 123
made 3 19 68 305
main 1 50
make 2 187 346
making 1 388
man 11 172 178 181 183 286 288 290 309 314 315 317
many 15 7 34 71 139 169 236 245 253 258 262 275 366 372 373 403
market 1 343
markets 1 264
mattress 3 310 316 317
may 1 366
me 20 14 15 38 43 81 82 83 84 112 115 161 183 294 301 303 304 325 329 351 356
meal 6 38 40 46 107 143 145
meanwhile 3 10 306 405
mediterranean 1 253
medusa 1 161
meeting 1 89
men 5 51 232 275 278 406
mess 1 353
message 1 32
messages 1 34
metal 1 317
middle 2 142 149
miles 5 31 206 217 280 375
milk 1 322
minute 1 58
minutes 6 33 56 57 60 112 351
miraculously 1 315
mixing 1 347
modern 5 140 141 250 269 378
moment 3 65 348 380
monday 2 195 196
money 7 80 82 85 122 186 226 228
month 2 3 46
months 3 23 127 137
more 8 130 215 224 260 280 349 373 397
morning 8 47 207 234 295 296 336 384 394
mornings 1 195
most 10 7 89 167 198 219 242 322 369 370 402
mother 2 201 243
motorists 2 155 162
mountains 5 168 275 277 279 280
mouth 2 302 308
move 1 58
moved 3 36 155 295
movements 1 268
moving 2 230 397
mr 8 30 31 34 238 292 293 296 298
mrs 1 350
much 2 269 375
museums 1 13
music 1 271
musical 1 66
must 8 97 101 103 119 123 141 297 298
my 34 11 18 20 21 29 37 62 71 75 77 84 85 96 103 104 110 112 113 124 131 136 138 173 253 301 302 303 304 306 308 319 345 347 354
mystery 1 338
myths 1 154
name 2 45 125
near 6 116 173 208 359 362 395
nearly 2 179 202
neighbour 1 43
never 9 29 80 82 85 124 127 220 252 259
new 16 31 64 99 135 155 164 224 235 245 246 248 249 251 304 358 361
news 1 219
next 6 133 207 249 295 383 398
nigeria 1 132
night 9 116 149 156 205 294 297 312 393 395
nights 1 312
no 8 158 256 280 283 355 378 397 400
nodded 1 305
noise 2 119 294
noises 1 305
none 1 163
normal 1 291
north 1 272
not 28 3 16 18 20 58 76 117 157 158 172 178 193 215 223 241 271 287 294 299 307 314 324 334 335 365 381 386 387
nothing 2 59 349
noticed 2 265 337
now 13 30 34 76 79 85 105 128 135 159 184 215 218 280
number 3 25 282 405
objected 1 410
obvious 1 326
obviously 1 271
occasion 2 170 390
occasionally 1 328
occasions 1 95
occurred 1 284
ocean 1 172
of 94 3 5 6 7 8 14 25 26 38 42 46 48 50 53 55 74 77 86 87 89 98 100 120 122 124 125 127 142 149 150 151 154 157 160 163 170 177 184 186 189 198 199 206 221 225 226 229 242 248 249 255 258 263 264 265 266 267 268 275 282 283 284 286 290 291 301 302 309 310 311 313 317 321 322 329 330 337 350 357 362 366 368 369 373 375 376 377 379 383 396 397 403 405 406
off 3 51 296 313
offer 1 403
offered 1 122
office 1 79
often 6 98 114 255 257 333 360
old 7 66 97 103 235 253 264 367
oldest 1 371
olympic 4 9 244 247 252
on 41 5 19 39 50 54 73 95 98 105 125 136 167 170 174 175 176 178 195 208 209 242 249 286 296 309 311 312 316 318 319 327 340 354 373 390 396 397 398 399 403 404
once 9 8 46 157 170 193 201 278 367 389
one 21 34 120 154 160 177 196 198 203 226 228 264 266 276 283 284 294 301 369 384 400 410
only 7 9 31 141 235 277 370 410
open 2 143 284
opened 3 52 191 266
or 6 7 167 305 333 394 410
orange-coloured 1 102
order 1 94
ordered 2 278 290
other 6 6 34 128 265 384 396
others 2 50 52
our 4 69 70 244 267
out 24 111 147 151 178 182 199 200 203 225 234 237 268 278 301 306 308 321 331 332 383 385 391 394 396
outside 5 151 156 158 247 392
over 9 119 143 159 272 274 277 281 289 395
own 4 35 124 157 186
owner 1 310
owners 1 403
o'clock 1 234
paid 1 323
paper 1 125
parcel 8 48 51 52 53 199 325 327 329
park 2 170 173
parked 1 156
parking 1 158
part 2 99 371
parts 3 34 87 187
party 4 361 362 363 365
pass 1 406
passed 3 18 57 202
passenger 1 168
passengers 2 166 169
passing 3 116 121 177
past 1 60
pastry 2 347 354
pay 4 85 109 290 401
paying 1 199
pays 1 80
pedal 1 7
people 21 55 89 119 120 140 154 176 178 189 193 196 236 245 333 366 393 397 402 403 408 410
percy 1 45
performances 1 92
persuade 1 351
perth 1 28
pet 1 147
photographs 1 275
pick 1 3
picked 3 266 317 350
piece 2 42 125
pieces 1 315
pigeon 1 32
pigeons 1 31
pilatus 1 165
pile 1 286
pinged 1 217
pinhurst 3 30 31 32
pipe 2 266 268
pirates 2 359 360
placed 1 395
places 2 25 169
plains 1 281
plane 9 47 50 51 121 166 276 279 282 288
planes 1 116
planned 1 255
play 6 73 99 101 102 267 269
playing 1 176
pleasure 1 377
ploughed 1 167
pocket 1 42
point 1 276
pole 3 272 274 280
police 6 49 93 213 215 230 232
policeman 2 216 217
pool 5 2 5 6 8 245
popular 3 4 86 269
porter 1 165
possible 1 198
post 1 17
postcards 1 11
postman 1 356
post-office 1 129
potatoes 1 322
power 1 337
precious 1 53
prefer 1 7
present 1 87
press 1 409
pressure 1 404
price 1 291
private 2 35 403
probably 1 123
promptly 1 318
proud 1 310
proved 1 1
public 3 13 292 409
pulled 2 301 308
punish 1 383
push 1 7
put 8 42 125 142 158 159 318 327 331
questions 2 300 305
quickly 3 18 198 227
quiet 1 345
quite 1 335
r 1 272
race 7 4 367 368 372 374 376 377
races 1 378
railway-line 1 246
rain 1 146
rained 1 257
raining 1 152
ran 1 275
rang 3 324 348 355
rare 1 154
reach 2 6 280
reached 2 375 401
read 1 16
real 1 309
realized 1 181
realizing 1 386
reason 1 117
received 3 21 127 213
receiver 2 350 352
receiving 1 124
recently 6 72 195 225 292 319 357
recognize 1 231
recognized 1 350
record 1 235
red 1 101
refused 2 64 171
registered 1 356
regretted 1 223
regularly 1 128
relieve 1 404
reluctant 1 3
remains 1 337
remembered 2 190 210
removed 1 308
repair 2 185 192
repaired 1 77
request 1 171
requests 1 34
rest 2 264 301
restaurant 1 78
rests 1 240
retiring 1 255
return 3 39 390 396
returned 5 112 254 256 344 384
returns 1 156
reveal 1 366
revealer 2 358 366
reward 1 328
rice 1 322
rides 1 403
right 2 123 153
ring 1 351
rise 1 279
rivals 1 375
river 4 173 175 176 394
road 1 190
roads 2 246 248
robinson 1 212
rock 1 204
rockall 1 172
rollsnoyce 1 369
roof 3 170 311 313
room 2 20 325
rooms 1 139
rose 2 268 277
round 2 337 341
rov 1 222
rowing 1 176
roy 2 229 230
royacted 1 227
rude 1 385
run 3 180 225 287
rush 1 225
sacks 1 278
sadly 1 317
said 7 85 113 133 297 359 387 390
salary 1 80
sale 1 292
same 3 81 95 385
sand 1 53
sang 2 39 145
sat 3 13 81 175
saved 2 186 309
saw 5 81 207 225 266 387
say 2 302 307
says 1 123
school 3 242 343 345
scornfully 1 382
scott 3 30 31 34
sea 5 126 204 394 395 396
search 1 361
searched 1 365
searching 1 306
sea-shore 1 359
see 2 324 380
seeking 1 385
seemed 1 276
seen 3 160 209 397
sell 1 293
send 1 18
sent 5 34 218 313 342 343
serious 1 275
serve 1 386
served 1 381
service 2 35 164
set 4 203 234 235 237
settle 2 255 261
seven 3 5 166 189
seventeen 1 100
she 39 73 74 97 98 100 101 102 103 126 127 132 133 134 138 162 192 198 200 203 205 206 207 208 209 210 211 234 235 236 239 241 243 380 381 384 385 386 387 388
shock 1 258
shocked 1 75
shook 1 298
shop 9 184 196 198 199 225 379 383 384 386
shops 1 194
shop-assistant 1 200
shore 4 205 208 209 397
short 4 102 223 240 347
shortly 1 232
should 1 10
shouted 1 60
shouting 1 149
showed 2 329 362
side 1 265
sight 2 180 280
sign 1 356
signs 1 158
silbury 3 30 31 32
silver 1 369
simple 1 339
simply 1 199
since 3 155 169 332
sing 2 65 393
singers 1 86
singing 1 90
single 1 20
sister 2 131 136
sitting 1 174
six 1 23
sleep 2 294 318
sleeping 1 309
sleeping-bags 2 148 151
slept 2 148 312
slowly 3 115 270 396
small 11 26 165 173 184 186 189 197 203 217 237 364
smashed 1 315
smelt 1 144
smiled 3 111 190 327
smiling 2 191 216
snake 6 267 269 270 337 340 341
snake-charmer 1 265
snatched 1 340
snow 1 167
so 21 3 29 31 85 140 147 148 175 179 193 196 258 262 265 287 319 328 342 346 408 409
socks 1 102
soil 1 362
sold 3 3 261 382
solid 1 241
solve 1 338
some 11 8 50 117 140 146 176 178 298 346 373 404
someone 3 49 60 156
something 3 241 302 366
sometimes 1 121
songs 3 39 145 269
son's 1 192
soon 8 27 99 143 266 275 347 366 387
sooner 2 256 355
sorry 1 113
soundly 1 148
south 3 48 274 280
spare 2 34 187
sparks 1 342
special 3 2 246 406
specially-made 1 392
spectacle 1 397
sped 1 376
speed 1 375
spending 1 205
spent 2 20 373
spite 2 98 366
spoil 1 11
springs 2 26 310
square 2 264 265
stadium 2 245 249
stage 1 98
stand 1 397
start 1 335
started 1 342
stated 1 401
station 4 89 214 215 216
stay 2 122 138
staying 1 91
steal 2 49 194
steele 1 78
sticky 2 347 350
still 5 191 257 316 324 344
stockings 1 101
stolen 1 221
stone 3 159 162 163
stones 1 53
stood 2 39 379
stop 1 376
stopped 5 57 61 230 232 264
store 1 195
stories 1 145
storm 2 203 312
straight 1 227
strange 4 140 171 294 305
stream 2 152 153
street 3 36 46 225
streets 1 395
strict 1 328
strike 6 56 398 399 401 402 405
strings 1 74
strong 1 236
struck 4 74 179 204 314
struggled 1 209
students 4 405 407 409 410
succeed 1 236
success 1 190
successfully 1 274
such 1 228
suddenly 5 60 177 269 284 307
suggested 1 298
sum 1 122
summer 2 12 257
sunday 1 175
sunshine 1 258
sure 2 236 335
surprise 3 53 84 134
surprised 4 219 269 287 324
surprising 1 167
swam 2 205 243
sweets 2 322 330
swept 1 313
swim 2 10 233
swimmer 1 236
swimmers 1 4
swimming 4 1 2 3 245
swimmingel 1 406
swims 1 239
swiss 1 165
sydney 1 282
table 1 81
take 5 99 172 240 275 407
taken 1 113
taking 1 371
tarts 1 346
taught 1 14
taxi 3 164 165 222
tea 1 346
ted 4 212 215 219 221
teeth 1 301
teheran 1 309
telephone 4 31 35 348 354
telephoned 1 230
tell 3 9 271 308
telling 1 183
temptation 1 194
ten 3 127 289 351
tent 4 142 147 150 153
terrible 1 103
test 2 406 407
than 7 194 196 256 260 355 373 375
thank 1 109
that 49 1 3 4 49 65 133 138 152 156 161 162 167 173 179 185 188 200 206 210 216 228 236 275 276 280 283 287 294 295 297 298 299 308 317 319 324 326 328 335 348 362 366 380 382 394 395 401 402 410
the 238 3 4 5 6 8 19 20 26 32 33 34 39 41 46 47 49 50 51 52 53 54 55 57 58 61 64 69 71 74 81 86 87 89 90 91 93 95 98 101 105 106 109 111 113 117 119 120 125 126 129 135 137 139 141 142 144 145 147 149 150 152 153 155 159 160 161 165 167 168 170 172 173 174 175 176 177 178 179 180 181 182 184 187 189 190 191 194 196 197 198 199 200 201 202 203 204 205 208 209 212 213 214 215 216 217 219 220 227 228 229 230 231 232 233 234 239 242 243 244 245 247 248 249 250 251 252 253 255 257 260 261 262 263 264 265 266 267 268 269 270 271 272 274 275 277 279 280 281 283 284 286 288 289 290 291 294 295 296 297 299 306 308 309 310 311 312 313 314 315 316 317 318 321 322 324 327 329 332 334 335 336 337 338 339 340 341 342 343 345 348 350 352 354 355 356 358 359 360 361 362 363 365 366 369 370 371 372 373 374 375 376 377 379 380 381 382 383 384 385 386 387 388 389 390 392 394 395 396 397 399 401 402 404 405 406 407 409 410
their 18 2 7 53 119 142 147 148 151 153 192 229 276 373 390 391 392 396 403
them 8 7 89 163 178 226 243 373 391
themoney 1 84
then 18 15 42 57 117 153 169 199 205 279 304 327 329 332 340 341 343 360 365
thepool 1 3
there 13 23 28 105 139 176 180 196 256 262 280 354 362 368
these 5 4 95 158 305 342
they 36 2 3 9 10 48 87 88 89 90 92 94 123 129 130 143 144 145 147 148 151 152 180 193 246 249 252 275 296 299 332 335 364 390 391 397 406
theyare 1 3
thieves 5 49 225 227 229 231
thing 1 167
things 2 319 322
think 1 121
third 1 312
thirty-five 1 97
thirty-seven 1 20
this 22 29 35 39 92 98 100 114 121 143 157 166 248 252 336 338 356 366 368 386 390 397 404
thompson 4 292 293 296 298
thoroughly 1 365
those 2 10 154
though 4 257 275 296 380
thought 3 17 127 263
thousands 1 396
three 4 33 272 330 370
threw 2 126 182
through 1 264
throw 2 278 333
thrown 1 394
ticket 1 291
tim 2 21 24
time 21 9 56 70 92 93 100 146 185 188 198 206 244 261 265 274 310 347 356 373 386 407
tin 1 365
tiny 1 395
tired 2 147 309
to 136 3 6 7 12 18 26 28 32 34 36 49 53 54 57 64 65 70 73 76 83 84 94 99 102 103 112 122 128 129 133 140 146 157 162 163 168 169 172 178 180 182 184 185 187 190 192 194 196 198 202 205 214 215 218 220 222 229 231 233 234 236 239 240 241 252 254 255 256 257 261 264 265 267 268 269 270 275 277 278 279 280 281 282 284 287 289 290 293 294 296 300 301 302 305 308 309 311 315 318 319 324 328 332 334 338 340 342 343 346 351 355 356 358 359 360 361 362 376 380 383 384 386 390 391 392 394 396 398 399 403 404 405 406 407 408 409
told 11 43 49 138 145 161 216 217 294 299 301 382
tomorrow 4 88 90 233 239
tongue 1 306
too 4 74 172 220 410
took 3 51 199 351
tooth 2 306 308
top 1 286
touch 1 76
tourteen 1 235
towards 4 177 204 209 225
town 4 26 54 55 89
towns 1 395
train 2 89 218
trained 1 238
trains 1 404
travel 1 130
travelling 1 125
treasure 2 357 361
trenton 1 222
tricycles 2 5 7
tried 2 73 302
trip 4 29 172 289 290
trouble 3 155 275 376
true 2 63 357
trunk 1 365
try 2 49 287
trying 4 94 229 332 376
tuesday 2 213 399
tune 1 267
tunes 1 269
turn 1 162
turned 3 163 180 296
twelve 4 31 56 57 60
twenty 2 56 221
twenty-eight 1 189
two 16 3 51 52 60 74 149 188 225 240 265 278 312 350 363 407 410
ugliest 1 160
ugly 1 159
umbrella 1 384
un 1 164
uncomfortable 1 289
under 6 5 55 153 325 362 373
understand 1 16
underwatertricycle 1 4
unhurt 1 315
university 1 405
unload 1 282
unlucky 1 394
until 3 314 397 401
unusual 3 169 339 370
up 27 3 5 8 20 34 103 142 149 158 198 208 209 211 217 235 251 266 284 292 309 312 314 316 317 340 350 352
urgent 1 34
us 3 10 138 266
use 2 118 129
used 7 117 184 185 187 222 358 359
usual 4 93 164 175 196
valuable 1 48
value 1 366
very 14 4 29 113 140 177 184 252 269 307 311 312 326 363 378
veryearly 1 1
village 3 104 168 217
villagers 2 298 299
visit 2 27 323
visited 2 13 25
visiting 2 87 245
visitor 1 72
voice 1 350
volt 1 337
volunteered 1 405
waited 1 59
waiter 1 14
waiting 3 50 225 242
wake 2 314 355
walk 2 2 264
walked 2 199 383
wanted 4 172 192 215 356
war 3 117 187 189
warm 2 148 175
was 88 47 53 55 63 68 71 72 75 78 83 106 117 137 143 150 152 161 168 172 175 183 185 191 196 200 202 203 208 210 214 215 216 217 219 220 221 223 225 226 230 231 243 257 260 266 279 280 281 283 285 286 287 288 290 292 302 303 304 306 308 311 315 316 324 326 327 328 337 338 339 344 345 347 350 354 356 359 362 364 368 369 370 371 378 380 381 382 386
wasn't 1 105
watch 2 62 196
watched 1 195
watching 3 239 251 397
water 8 2 3 5 150 167 179 205 395
way 6 35 153 338 381 392 403
wayle 2 173 174
we 11 54 59 66 76 125 135 252 264 265 267 269
wear 1 102
weather 3 257 263 311
wednesday 1 54
week 6 201 202 212 320 398 402
weights 1 3
welcome 1 64
welcomed 1 390
well 1 312
well-dressed 1 195
welsh 1 168
went 15 12 42 54 111 175 177 195 215 256 265 296 318 343 361 380
were 21 48 50 52 74 125 144 148 176 193 196 229 232 269 275 280 296 321 334 335 345 347
weren't 1 180
werewaiting 1 47
what 6 161 181 202 285 327 353
wheels 1 370
when 27 50 78 156 181 190 191 196 200 211 219 221 225 243 261 267 269 282 298 300 308 316 327 342 344 350 362 395
where 2 306 359
whether 3 9 303 304
which 14 189 266 280 282 292 297 310 321 333 337 358 364 370 395
while 7 50 52 83 223 230 301 405
whisky 1 297
white 2 154 281
who 8 10 154 168 195 198 243 381 386
whole 5 8 20 205 247 365
why 1 215
wife 1 191
will 35 9 27 28 88 89 90 91 92 93 94 99 100 121 130 134 162 237 239 241 242 243 244 245 246 247 248 249 251 299 400 401 402 404 406 410
wind 1 313
window 4 379 380 386 388
winning 1 375
wires 3 337 340 341
with 13 4 112 125 138 155 228 237 265 266 347 361 384 386
without 3 8 199 281
woke 3 149 211 316
woman 7 195 196 197 199 379 383 387
wondered 1 215
wonderful 2 145 166
wood 1 317
wooden 2 282 289
woollen 1 286
word 1 16
words 1 14
work 8 136 184 185 224 249 345 403 408
worked 1 79
workers 4 90 248 282 284
working 3 25 79 401
work-shop 2 186 189
world 2 235 396
worried 3 212 215 307
worthless 1 364
would 6 49 56 133 276 280 360
wound 3 153 337 341
wrapped 1 198
write 2 20 128
wrong 1 308
wrote 1 321
yards 1 10
year 11 55 64 102 118 125 133 248 249 367 368 389
years 14 71 79 97 186 190 221 235 238 244 253 258 262 272 309
yes 1 109
yesterday 7 32 37 131 183 215 323 334
yet 1 163
you 4 85 107 109 300
young 7 4 89 98 183 309 314 406
